   1.0000000e+00  -5.9228923e-01   4.0477644e-01   2.5356170e-02  -2.9746454e-01  -8.5784608e-01   8.3912692e-01   1.1092236e+00   1.1962889e+00   9.9458923e-01  -6.2561983e-01
   2.0000000e+00  -1.8885239e-01   3.8832278e-01   1.2088043e+00  -3.6421938e-01  -2.6790257e-01  -6.2346341e-01   1.2068706e+00  -4.1867074e-01  -6.8831907e-02   3.2749333e-01
   1.0000000e+00   4.2555738e-01  -1.7728136e+00   2.3171331e-01   3.3379663e-01  -1.6046459e+00   9.4030477e-02  -2.6750555e-01   1.0292290e+00   6.5795459e-01   9.5935887e-01
   1.0000000e+00   5.4671566e-01   1.2515185e+00  -2.0526259e-01   6.4334606e-01  -9.6682758e-01   2.9153664e-01   1.9667321e-01  -1.4373107e-01  -1.8656470e+00  -7.0542973e-02
   2.0000000e+00  -4.8660278e-01  -7.1889647e-01   1.8833549e+00  -6.9052548e-01  -3.4380267e-01   1.8992932e+00  -3.2327731e-01   2.7921938e+00  -6.3391078e-01  -5.8984857e-01
   2.0000000e+00   7.9999829e-01  -6.7290432e-01  -6.2395536e-01  -1.0981233e+00  -3.8604758e-02  -5.0741166e-01  -2.6562411e-01   8.6975795e-01  -8.4145743e-01   8.8408093e-01
   1.0000000e+00   5.0941742e-02   7.2189353e-01  -6.1157478e-01  -8.0915447e-01   5.6393364e-01   1.3806276e-01  -6.9560034e-01  -1.5433677e-01  -4.1493617e-01   8.3419052e-02
   2.0000000e+00   1.6196099e+00   6.0971411e-01   8.7146115e-02  -4.4945509e-01  -5.9386626e-01  -1.4146187e+00  -3.5978939e-01   7.2162173e-01  -1.4871245e+00  -1.7184463e-02
   2.0000000e+00   5.9549492e-01   4.4631966e-01   1.4718787e+00   8.1123692e-01  -3.8056021e-01  -5.4703335e-01   2.3087198e+00  -2.6676753e-01  -1.8964555e+00  -3.6439741e-02
   2.0000000e+00   6.6366135e-01   1.6340333e+00  -6.5724130e-01  -1.0830495e+00   1.2480874e-01   3.7394857e-01   1.8380441e+00  -6.7624254e-01  -9.7189001e-01  -5.7435265e-01
   2.0000000e+00  -3.5465399e-01  -1.1287164e+00  -5.4992368e-01  -4.8268197e-01  -1.9655962e+00   8.7845946e-01   1.0534095e+00   1.0594769e+00   2.1302493e+00   9.4622807e-01
   2.0000000e+00   2.9296582e+00  -1.3255993e+00  -8.1743478e-01   8.0376158e-01  -7.2476709e-01   5.9296539e-01   3.4076804e-01  -1.4140251e-01   1.2504479e-01  -2.2435194e-01
   2.0000000e+00  -4.0632096e-01   6.4465091e-01   7.0890851e-01   8.2187707e-01  -1.5887210e+00   1.2013331e+00   1.4967208e+00   2.0798463e+00  -2.0306459e-01   1.2101006e+00
   2.0000000e+00   1.6918595e+00   6.4132263e-01   9.3593684e-01  -1.6134842e+00   4.5650668e-01  -1.3493167e+00  -4.2951211e-01  -2.9357581e-02   1.6399667e+00   2.8718754e-02
   2.0000000e+00   1.2647697e+00  -2.2701263e-01   1.4511816e+00  -1.4793379e+00  -2.4370782e+00  -2.8877202e+00  -1.7229667e+00  -2.1283629e+00   7.5128083e-01   9.2270250e-01
   2.0000000e+00  -8.1228738e-01   4.6307638e-01   4.1994267e-01   5.0375967e-01   8.3251665e-02  -8.9491260e-01   7.7300853e-01  -4.3935979e-01   2.1351437e+00  -1.5486436e-01
   2.0000000e+00   8.2602327e-01  -8.8804098e-01  -1.0976978e-01  -8.1205964e-01  -1.1246808e-02  -1.6540260e+00  -1.8222593e-01   4.8575528e-01  -6.7116739e-01  -1.5677761e+00
   2.0000000e+00   1.5340921e+00   4.5595019e-01  -1.6845712e+00  -1.4397205e+00  -1.0637307e+00  -7.2714718e-01  -1.6521598e+00  -3.9113864e-01   3.2614633e-01  -4.2928921e-01
   2.0000000e+00  -1.1016394e+00  -1.3873446e-01   1.8925598e+00  -1.3788470e+00  -5.2238551e-01   5.4563225e-02  -3.3445955e-01  -1.4150950e+00  -3.0653258e-02  -2.2525953e+00
   2.0000000e+00   5.0563306e-01   1.3747620e+00   1.6899661e+00   2.7075663e-01  -1.1804058e+00   1.7229833e+00  -1.4568601e+00   2.2638259e-02   8.4466419e-01   1.0707417e+00
   2.0000000e+00  -2.1866973e-01  -3.8121856e-01   1.5075406e+00  -7.3265191e-01   1.8509133e+00  -1.3374002e+00   1.5190953e+00   8.6808553e-01  -2.7019149e-01   1.3114145e+00
   2.0000000e+00  -5.0542442e-01  -6.9732947e-01   1.1868056e+00  -1.0875888e+00   1.4729346e+00   1.3924468e+00  -8.4509547e-01  -1.6495329e-01   6.3280531e-01  -1.2926326e+00
   1.0000000e+00  -1.5686240e+00   8.9983859e-01  -4.2962772e-01  -4.1505049e-01   2.7942367e-01   3.4530561e-01   1.2528830e-01  -2.6725037e-01  -7.3683106e-02  -3.1984755e-01
   2.0000000e+00   5.7238598e-02   3.1279032e-01   1.5793350e+00   1.0672382e+00   1.5914938e-01   1.8147228e+00  -8.8008943e-01   5.7187536e-01   9.2284198e-01   8.2884124e-02
   2.0000000e+00   4.0871560e-01  -7.1635841e-01  -8.7886816e-01   1.7094105e+00   5.5932973e-01   2.4620462e-01  -3.9148424e-01  -3.1673427e-02  -1.0176610e+00  -4.2468776e-01
   2.0000000e+00  -1.1071926e+00   9.3439284e-01   9.3170523e-01   4.6052598e-01  -1.7955720e+00   1.8185654e+00   1.6677138e-01   2.1436839e-01  -6.1043826e-01   1.9184128e+00
   2.0000000e+00  -4.2609644e-01  -7.6986827e-01   2.0526924e-01  -1.0615137e-01  -4.0124898e-01  -4.4124960e-01  -1.1306913e+00  -1.4885646e+00  -8.4708350e-02  -1.6726943e-01
   1.0000000e+00   3.0617688e-01   2.1890003e-01   5.4829879e-01  -8.5153056e-01  -7.2680042e-01   1.1732164e-01   5.6993536e-01   6.6154918e-01  -4.0891680e-01   7.3403039e-01
   2.0000000e+00  -7.4680808e-01  -2.1648026e-01  -3.9775638e-01  -1.8537359e+00  -8.0395843e-01  -4.3197712e-01   3.3284264e-01   4.9561299e-02   2.2776344e-01  -1.0946892e+00
   2.0000000e+00  -4.7064827e-01  -9.9535722e-01  -1.3505848e-01  -2.3477633e+00   1.4250194e+00   1.1036010e+00   1.0457674e+00   7.4819303e-01  -4.8492690e-01   4.8319590e-01
   2.0000000e+00  -9.4649378e-01   1.1342197e+00   1.5548129e+00   7.0994258e-01  -1.2857749e+00  -1.3715981e-01  -1.7084371e+00  -4.4165450e-01   1.7852695e-01   7.3856712e-02
   1.0000000e+00  -1.6777825e-01   1.0970833e+00  -2.0597606e+00   1.1248106e-01  -3.1400783e-01   2.4280652e-02  -2.7682179e+00   6.1897732e-01   1.0339835e+00   9.7539491e-01
   2.0000000e+00  -8.0935073e-01  -7.1706696e-01  -5.4745611e-01   1.1337665e-01   2.5549253e-01  -5.2192671e-02   1.8586094e-01  -5.4022730e-01  -3.5717583e-02   7.0525987e-01
   2.0000000e+00   6.0023481e-01  -6.6925495e-01  -9.8239508e-01   2.5074840e+00   7.2123464e-01   1.0938552e+00   2.2892255e-01  -3.1736721e-02  -5.6927143e-01   1.3419033e+00
   1.0000000e+00   1.6848451e+00   1.1766562e-01   7.8596880e-02  -3.0948375e-01  -1.6130965e+00   1.9073690e-01  -3.9092036e-01  -1.6992953e+00  -5.3244496e-01  -4.2442506e-01
   2.0000000e+00   5.4935186e-01   4.5108956e-01  -1.8131873e-01  -9.1000539e-01   1.2198684e+00  -3.7586100e-01   8.9992789e-01   6.5996969e-01   3.5877586e-02   7.0991286e-01
   2.0000000e+00  -1.1988224e-01  -9.9078822e-01  -6.2137882e-01   1.6173376e+00   1.8214996e+00   5.4789149e-01   2.7307589e-01  -7.4098075e-01  -3.4001898e-02  -7.0977881e-01
   2.0000000e+00   1.0865418e+00  -8.4372155e-01  -1.7246563e+00  -6.1867736e-01  -1.1773096e+00  -1.1445608e+00  -6.6483517e-01  -3.4050673e-01  -7.0068085e-01  -6.8838779e-01
   2.0000000e+00  -1.0049674e+00  -3.3418473e-01  -1.8796976e-01  -1.0221717e+00  -8.2928240e-01  -3.1543483e-01   1.3555311e+00  -8.8555058e-01  -1.2935456e+00  -1.8045453e-01
   2.0000000e+00  -1.1552025e+00  -8.0634880e-02  -4.9584294e-01   1.2184738e+00  -2.3006688e-01   8.3629850e-01  -8.4737256e-01  -7.1192968e-01   8.0895470e-01   9.8163739e-01
   2.0000000e+00   1.7595229e-01  -4.5589829e-01  -4.0627222e-01   5.7010191e-01  -2.2784269e+00  -4.7327411e-01   7.7421734e-01  -1.9628274e+00   7.9885864e-02   1.4589328e+00
   2.0000000e+00  -2.1090772e+00   1.8230417e-01  -2.1329390e+00   2.0188208e-01   1.0382051e+00  -1.0654563e-01   8.1210539e-01  -1.6271102e+00  -2.8802876e-02  -9.2596443e-01
   2.0000000e+00   8.2989363e-01   9.7074244e-01   2.3510189e+00  -2.7591609e-01  -1.0798663e+00  -8.0408623e-02   4.4702187e-01  -9.7673510e-01  -6.4898479e-01   1.7120212e-01
   1.0000000e+00   5.9405305e-02   1.3839993e+00  -2.7386651e-01   5.6985820e-01   3.3365403e-01   4.4745482e-02   6.0036297e-01  -5.2783252e-01  -6.6022636e-01  -8.2063635e-01
   2.0000000e+00  -2.9637239e-03  -8.6046300e-01   8.0143769e-01   9.6484752e-01   9.9918439e-01   1.2055267e+00   3.3173030e-01  -1.6357565e+00   6.0416056e-01   1.7491921e+00
   2.0000000e+00  -4.9561685e-02  -6.0292498e-01  -2.4230242e+00  -1.3514762e+00   4.9125706e-01   6.7731014e-01  -1.1274623e+00  -6.6442582e-02  -6.8370529e-01  -6.6810122e-01
   1.0000000e+00   2.1307887e+00   1.2050066e+00   3.1629359e-01   8.9170515e-02   7.5883788e-01   7.2514183e-01  -1.6648601e+00  -2.3137352e-01   1.8493967e+00  -6.5812326e-01
   2.0000000e+00  -1.5799838e+00   3.0445548e-01   1.7668275e-01  -1.1011401e+00   1.1964155e+00   1.0102547e+00   7.4406326e-01  -7.3679005e-01   2.6671578e-01   2.0537558e+00
   2.0000000e+00   2.0072024e-01  -5.0310437e-01  -4.4603050e-01  -7.5761936e-01   4.3351159e-01  -1.6088065e+00   1.2882151e+00  -8.7769782e-01   1.3628537e+00   9.3213878e-01
   1.0000000e+00  -3.7633925e-01  -2.1921360e-01  -1.9267352e+00   5.9011005e-01   2.1801386e-01   5.5723922e-01   1.5119879e+00   1.2482700e+00   5.7288803e-03   2.5563580e+00
   2.0000000e+00   6.8176095e-01   1.7643717e+00   1.4194372e-02  -8.2136570e-01  -4.6367007e-01  -1.7464778e+00  -1.0307435e+00  -9.4354866e-01   4.2927596e-01   1.3947749e+00
   2.0000000e+00  -9.4498698e-02  -1.2313503e+00   1.8977218e+00   2.1593750e+00  -1.5525901e-01  -6.1698754e-01  -1.2960620e+00   7.7403792e-01  -1.6072890e+00   7.2333559e-01
   2.0000000e+00  -6.5228085e-01  -1.5045145e+00   3.2875781e-01  -3.0881922e-03  -9.4838931e-01   1.5207602e+00  -7.7487943e-02   9.5033854e-02   5.0768822e-01  -4.1684018e-01
   2.0000000e+00   3.8806643e-01   4.4360261e-01  -1.2647579e+00   1.7739337e+00  -8.1426110e-01  -7.8983739e-01   8.6121793e-01   1.6419744e+00  -1.8954839e+00  -1.4715076e+00
   1.0000000e+00   2.3849184e-01   6.4787417e-02  -1.8864693e+00   6.1104184e-01  -8.1484718e-01   1.1304456e-01  -7.6272635e-01  -6.6780407e-01   4.6828230e-01  -5.6744583e-01
   2.0000000e+00   1.4616741e+00   1.5562619e+00  -6.1141213e-01   2.2582518e-01   1.7609759e-01  -2.0940872e-01  -3.1688965e-01   9.0389818e-02   4.0645682e-02  -8.7650406e-01
   2.0000000e+00  -1.9032801e-01  -1.6544377e-02   1.6368588e+00  -8.9039941e-01   9.1276107e-03   1.1618433e+00   2.7966034e-01   1.7757126e-01  -2.9195553e-01   1.1675910e+00
   2.0000000e+00   1.8361540e+00   3.4630192e-01  -7.7984666e-01  -2.6965273e-01  -4.6391295e-01  -4.6446901e-01  -2.1262198e-01  -2.3928908e+00  -4.0815944e-01  -1.5314978e+00
   2.0000000e+00  -4.3888782e-01  -2.1284567e-01  -3.0814757e-01  -6.1955991e-01  -2.0801924e+00  -1.5782504e+00   2.4389633e-01   2.1515027e-01  -4.4495472e-01  -1.8740424e+00
   2.0000000e+00   2.7474294e-01   4.3239343e-01  -1.2822819e-01  -1.8399336e-01  -7.7855544e-01  -4.3384571e-01   1.1195617e+00   1.8110080e+00  -5.8838432e-01  -9.3695618e-01
   2.0000000e+00  -2.0081391e+00  -8.1072926e-01   6.5601723e-01  -1.7280364e+00  -1.4268486e+00   8.6665180e-01  -1.9273925e+00   2.9697075e-01  -2.1521082e-01  -2.6132499e+00
   2.0000000e+00   5.8800455e-01  -2.1908520e-01  -4.6048129e-01  -6.6024754e-01   7.8768014e-01  -2.5340563e-01   7.9066038e-01   1.5670376e-01  -8.4469926e-01  -1.4129984e-01
   1.0000000e+00   1.4436421e+00  -2.7311671e+00   1.3289695e+00  -4.8934947e-01  -1.3707798e+00   1.5546719e-01  -1.8120752e+00   1.5771070e+00  -9.9472058e-01   2.5855922e-01
   2.0000000e+00  -7.2561446e-01   3.0825771e-01  -1.8590941e-01  -3.7098646e-02  -1.0259277e+00  -8.7950264e-01  -7.3247063e-01   1.0041921e+00   1.2373491e+00  -6.9726436e-01
   2.0000000e+00   1.2262561e-01  -2.8199160e-01   2.1440763e-01   6.8115970e-01  -2.7651150e-01   8.9264308e-01   5.8619714e-01  -1.7414651e+00  -2.7216551e+00  -1.1975226e-01
   2.0000000e+00   3.0554501e+00  -1.5773341e-01  -1.5634143e+00   1.2121415e+00   6.0267146e-01  -1.3223102e+00  -1.6681776e+00   7.6461117e-01   2.4220602e-01   2.1317513e-01
   2.0000000e+00  -6.8682206e-01  -6.5328970e-01  -1.6931235e-01  -8.4197724e-01  -1.1868744e-01  -1.6875420e+00   8.2782884e-01  -1.6068814e+00   3.2199287e-02   1.1360967e+00
   2.0000000e+00  -7.1180209e-01   8.2403991e-01   2.6874504e-01   2.8451106e-01  -4.2573072e-01   1.0557864e+00  -5.3897799e-02   1.8776944e+00   3.2155124e-01   7.3586408e-01
   2.0000000e+00  -2.2038708e+00  -1.1957702e+00   2.2305171e-02   7.9481106e-01   3.5327370e-01  -7.6782782e-01   9.6485868e-01  -7.6545009e-02   1.2829907e+00   7.7201422e-01
   2.0000000e+00   1.1725263e+00   8.1046406e-01   9.6221212e-01   5.6152446e-01  -6.5613531e-01   2.2647832e+00   4.7829491e-01  -3.7768774e-01   4.5231760e-01  -2.6619878e-01
   1.0000000e+00  -2.3448292e+00   2.4283678e-01   9.1382946e-01  -1.5568808e-01  -1.2769832e+00   7.1923439e-01  -2.1067399e+00   7.9403318e-01  -1.5311750e+00   2.2699938e-01
   2.0000000e+00   1.2694728e+00   5.8803668e-01   2.0813099e+00   1.8594946e+00   1.8111709e-01  -4.7951698e-01  -1.1952032e+00  -1.2301434e+00  -3.5027736e-01  -5.9164581e-01
   1.0000000e+00   6.4552989e-01   5.9725753e-01   3.9874043e-02   3.1834071e-02  -8.7748928e-01   2.7660162e-01  -7.1070680e-01  -4.4395851e-01  -3.5909925e-01  -5.8237100e-01
   2.0000000e+00   4.7281056e-01  -1.3048844e+00  -9.1546086e-03   1.0723857e+00   5.7234492e-01   2.7218560e-01   1.5039422e+00   4.7753937e-01  -1.8874230e-01  -1.0233950e+00
   2.0000000e+00   1.3051473e+00  -1.3426691e+00  -1.5403509e-01  -7.3377716e-01   3.1983200e-01   2.1420875e+00   1.0039680e+00   1.6917436e-01   1.0706638e+00  -5.7969372e-01
   2.0000000e+00  -1.5852689e+00  -8.5829748e-02   7.4718257e-01   8.5477135e-01   9.6376131e-01  -6.1363043e-01   5.5940844e-01   7.2433181e-02   7.2910700e-01  -1.2603232e-01
   2.0000000e+00  -1.1260842e+00  -5.4316384e-01  -2.5141254e-01   1.3751700e+00   1.0133634e+00   7.8970534e-01   1.4097188e-01   6.7702855e-01  -1.9675576e-01  -5.2851041e-01
   2.0000000e+00  -1.3847600e+00  -1.0207632e+00  -4.6694010e-01  -2.4830689e-01   2.1954384e+00  -1.9376923e+00   3.6368760e-01  -1.1506326e+00  -6.1139277e-01  -2.2963864e+00
   2.0000000e+00   1.5840798e-01   1.0234195e+00  -1.4611829e-02   1.2990877e+00   4.2875993e-01   1.7636052e-01   1.9317318e+00  -6.3484421e-02   7.8052157e-01   4.7859958e-01
   2.0000000e+00  -6.0643766e-01  -8.1010785e-01   7.6658650e-01   1.4771499e+00  -1.1009134e-01   2.1830347e+00  -1.4411941e+00  -1.3879601e-01   5.1689558e-01  -3.1127578e-01
   2.0000000e+00  -2.1120339e+00   2.8705690e-01  -4.9762710e-02  -1.1949248e+00   9.3089415e-01   1.9366694e+00  -2.7369488e-01  -6.2691359e-01   1.5839390e+00   1.8994904e+00
   2.0000000e+00   7.3599004e-01  -1.9556529e+00   2.2380214e-02   3.3341831e-01   2.2117891e+00   4.0482081e-01  -8.3081912e-01   6.7711973e-01   6.1825176e-01   1.9409512e+00
   2.0000000e+00  -6.0242400e-01  -9.7500264e-02   9.0041569e-01   1.4304975e+00   1.6258653e+00   6.1622157e-01   1.3536363e-01  -7.2152332e-01  -7.9897535e-01   2.0103309e+00
   1.0000000e+00   5.2319032e-01   1.3194856e+00   3.8773038e-02  -3.0454233e-01  -3.0504992e-01   4.8878855e-01   1.5539800e+00   7.4033761e-01   1.0539296e+00  -9.8311710e-01
   2.0000000e+00  -8.9967376e-01  -4.1196303e-01   1.0898932e+00   7.1460299e-01   1.0493024e+00   6.0526849e-01   4.8647944e-01  -2.7841572e-01   8.4128928e-02  -7.2827012e-01
   2.0000000e+00   1.5623557e-01   1.7773856e+00  -1.3794846e+00   1.1944227e+00  -2.1979685e-01   6.6863876e-01  -9.7955948e-02   2.9352009e+00  -2.6426656e-01   8.3864385e-02
   2.0000000e+00   1.7329929e+00  -5.5590625e-02   1.9470058e+00   1.7497603e-01  -1.9422841e+00   1.1667060e+00  -5.3467607e-01  -5.1189605e-01   2.2805689e+00   3.1893181e+00
   2.0000000e+00  -1.6229530e-01  -3.8997315e-02   1.5637391e+00  -1.0116909e-01  -2.2721302e-01  -3.8338316e-01  -3.0656401e-01   7.4483207e-01  -1.2532369e+00   6.0898580e-01
   2.0000000e+00  -6.7847817e-01   1.3781555e+00   4.5106863e-01   7.8114500e-01   3.0465886e-01   1.5257109e+00  -1.0342011e+00   4.4469818e-01   1.4929904e+00   1.0919278e-01
   2.0000000e+00  -4.6693761e-01   9.2635910e-01   1.5981106e+00  -5.6760342e-01  -1.2569118e+00   8.1319308e-01  -1.5629063e+00   1.6867453e+00   3.3653420e-01   4.4902161e-01
   1.0000000e+00  -8.4286570e-02   8.1393410e-01   4.2591216e-01  -2.2356902e-01   9.8647321e-01   7.6832622e-01  -7.1427681e-01   1.6155961e+00   1.7100352e-02  -5.0838104e-02
   1.0000000e+00   3.7531889e-01   9.4191574e-02   1.4657210e+00  -2.0495764e-01  -2.2341155e-01   4.0126282e-01  -5.6120535e-01  -8.9760065e-01  -5.5009863e-01   1.0687854e+00
   1.0000000e+00   3.5683297e-02   1.1269047e+00  -8.7618959e-01   4.6339772e-02  -2.2522757e-02   6.3491223e-01   9.0982217e-01   1.4467763e-01   6.1967906e-01   3.8919687e-03
   2.0000000e+00  -8.7478890e-01   3.2117240e-01   1.0396938e+00   2.0473677e-01   7.7551698e-01  -2.6207569e-01  -1.0916332e+00   2.0034855e+00  -9.2160096e-01  -1.9008299e-01
   2.0000000e+00  -3.6315649e-01   8.2193415e-01  -6.1105566e-01   1.2118875e+00   1.2346874e+00   4.1258787e-01  -8.4546567e-03   2.6887896e-01  -1.9324730e-01  -1.2363580e-01
   2.0000000e+00   1.6073830e+00   1.0637073e-01   1.0822560e+00  -1.9809175e+00  -1.5502724e+00  -1.7156627e-01  -1.6586144e+00  -1.5402247e+00   3.5848289e-01   9.8133402e-01
   2.0000000e+00   1.3186854e+00   1.4199041e+00   9.3911842e-01  -3.5523447e-01   1.7589659e+00  -1.6247186e-01  -2.7541068e-01   9.4067851e-02   4.8206680e-01  -1.6394659e-01
   2.0000000e+00  -9.1866823e-01  -3.8633681e-01  -1.3304218e+00  -8.0977821e-01  -2.3172182e-01  -3.4425951e-01   1.1511470e+00   1.9568546e+00  -1.9172727e-01  -1.8889867e-01
   1.0000000e+00  -1.2526970e-01  -5.7563362e-02  -9.6700176e-01   3.5686939e-01   1.1626281e-01   5.9111819e-01  -1.1514924e+00  -2.2460161e-01  -3.7958167e-01   9.8789223e-01
   2.0000000e+00   7.7621421e-01  -8.3045069e-01   1.6479936e+00  -9.3002314e-01   1.3774739e-01  -1.1119865e+00  -1.1000297e+00  -1.9365976e+00  -1.0194786e+00  -1.7982861e-01
