   2.0000000e+00   4.0895328e-01   1.4960248e+00   5.6893059e-01  -3.3292126e+00   6.5000223e-01   2.1272414e-01  -9.2531179e-01   1.0231871e+00  -7.3387589e-01  -1.8676629e+00
   2.0000000e+00   2.2491287e+00  -3.7850475e-01   9.2722727e-01   7.6934568e-01   9.7369388e-01  -9.9477929e-01  -1.8803409e+00  -5.4183563e-01  -2.0078874e+00   1.6399268e+00
   2.0000000e+00   7.7108647e-01   2.4294709e-01   6.3896662e-01   9.3304717e-02  -9.9321177e-02  -1.7231695e-01  -1.8020369e-02  -6.9273287e-01  -1.3180863e-01  -1.3298465e+00
   2.0000000e+00   7.7081418e-01  -9.2086745e-01   8.2539074e-01  -1.0669194e+00   2.3212350e+00   6.1857326e-01  -1.2604861e+00  -2.1599255e+00   3.2200086e-01  -1.9735813e+00
   2.0000000e+00   1.3511193e+00  -1.5979105e-01  -1.2387868e-01  -9.0389559e-01   1.3179940e+00   1.2395611e+00  -5.1528816e-02  -8.4180925e-01  -5.9008039e-01  -1.6742917e+00
   2.0000000e+00  -5.6802937e-01   1.0364642e+00  -9.9901425e-01  -2.1123677e-01  -2.5253862e-01  -3.0531005e-01   4.7607744e-01   1.0050934e+00   1.6106745e+00   4.6103988e-01
   2.0000000e+00   9.5761642e-01  -1.1269710e+00   1.4746881e+00  -8.4918022e-01   3.5067573e-01  -9.0992409e-01  -5.7163875e-01   1.1282921e+00  -5.5456355e-01   8.7739967e-02
   2.0000000e+00  -1.3467121e+00  -4.8426502e-01  -1.8963794e+00   1.5037606e+00  -5.3449460e-01  -9.7068122e-01  -1.4069553e+00  -1.4283770e+00  -2.3141297e-01  -1.6496790e+00
   2.0000000e+00  -1.6293228e-01   6.8956701e-01  -2.9086047e-01   1.7652326e+00  -1.0883707e+00  -1.3652086e+00  -1.0253347e-01  -7.0764792e-02   7.2890732e-01   1.4535919e+00
   2.0000000e+00   6.9868838e-01   3.1753762e-01  -1.6060636e+00  -1.5950509e+00   1.8373495e+00  -7.1258709e-01   2.1332960e+00   9.3773022e-01   7.9059728e-01  -9.3660588e-01
   2.0000000e+00  -1.4578137e+00  -5.8670801e-01  -9.9446940e-01  -3.7408769e-01  -4.0435672e-01  -4.4451196e-01   4.3669646e-01  -4.4495642e-01   9.0157075e-01  -4.3298416e-02
   2.0000000e+00  -8.1324555e-01   8.1934927e-01   8.3514308e-01  -9.6335572e-01   1.7753798e+00  -1.1418451e+00   8.6818309e-01   1.4543422e+00   2.9577734e-01  -8.1598379e-01
   2.0000000e+00  -5.4445043e-01  -7.3728380e-01  -9.3081184e-01   3.8110925e-01  -9.2574561e-01   1.2309257e+00  -5.7182186e-01   1.7849511e+00   9.4321039e-01   2.7612830e-01
   2.0000000e+00  -2.5834970e-01   2.2130521e+00  -5.6233205e-01  -8.3200053e-01  -5.6253171e-01   1.3772692e+00   3.5362301e-01  -5.1636057e-01  -4.9518344e-01  -1.1410833e+00
   2.0000000e+00   6.9376438e-01   8.2933495e-01   6.6577199e-01  -1.4648237e-02  -1.1018816e+00   3.5787843e-02  -7.0377431e-02   1.6196301e-01   2.0116161e+00   1.1530090e+00
   2.0000000e+00  -2.7600097e+00   1.0327198e+00   6.6566095e-01  -9.8217383e-01   1.4450556e+00  -1.5463933e+00  -1.0962580e+00   6.8652147e-01   1.0439414e+00   1.1659001e+00
   2.0000000e+00  -5.1878370e-01   1.0494100e+00  -1.8584841e-01  -6.2546679e-03   2.5568043e-01  -1.8698470e-02  -3.9302166e-02   1.1058832e+00  -1.4174887e+00   5.3484234e-01
   2.0000000e+00   1.1863786e+00  -1.2730350e+00   3.4730743e-01  -1.4493464e+00  -8.7938906e-01   4.5302153e-02   1.8982030e-01  -4.0969272e-01   1.1130341e-01   1.5342791e+00
   2.0000000e+00  -9.2127062e-01   2.6095919e-01  -2.6001085e-01  -9.3572147e-01   2.0882261e-01   8.4527744e-01  -8.3442316e-01  -5.9984847e-01   2.6950212e-01  -4.0159339e-01
   1.0000000e+00  -7.1296721e-01  -1.8344174e+00  -1.9592581e+00   3.9007679e-01  -4.1535244e-01  -1.4186851e+00  -7.8646973e-01  -6.9512286e-02   5.9931537e-01   1.9111685e-01
   2.0000000e+00  -1.1350216e+00  -1.5514004e+00  -2.2446063e-02  -6.0605709e-01  -1.0078520e+00  -1.5714048e+00  -1.2253849e+00   7.0580031e-01   2.9266557e+00   1.7464298e+00
   2.0000000e+00  -1.1367244e-01  -2.9740641e-01   1.4841396e+00  -4.7150348e-02   1.9129258e-01   6.2964924e-01  -1.6020291e-01  -1.4564966e+00  -4.2104024e-01  -1.4537439e+00
   2.0000000e+00   1.8211801e+00   3.8908340e-01  -4.1290750e-01   5.3012107e-01   1.9593203e-02  -6.3107650e-02   1.2542061e+00   9.2353221e-01  -8.9154770e-01  -1.2732602e-01
   2.0000000e+00  -8.4234336e-01  -2.0033543e+00  -8.4071361e-01   1.2113223e+00  -8.6869643e-01   9.6506738e-01  -8.2196124e-01   7.5900938e-01  -4.0225962e-01   4.0385020e-01
   2.0000000e+00   9.0436975e-02   1.1304526e-01  -3.5581929e-01  -1.8997761e+00   6.5749667e-01  -6.9663892e-01  -3.6947937e-01   6.6966865e-01  -7.2682629e-01   2.0606163e-01
   2.0000000e+00  -9.8867681e-01  -1.1061913e+00   2.6632264e-01   7.5300646e-01   7.4193960e-02  -1.3849585e+00   6.3554786e-01   1.9934201e-01  -2.4015804e-01   6.3843884e-02
   2.0000000e+00  -1.1813386e+00   9.2591680e-01  -1.3061253e+00  -2.1127380e+00   3.2030035e-01   3.6610159e-01   7.4359765e-01  -1.0626891e+00  -3.3576589e-01   7.4511845e-01
   2.0000000e+00  -4.9399134e-02   1.3146606e+00  -2.1885106e-01  -7.7111641e-02  -1.3618042e+00  -2.5649766e-01  -1.7731061e-01   1.9124007e-01  -1.9608624e+00   1.4322201e+00
   2.0000000e+00  -2.0389078e+00   1.9027571e+00   5.0558564e-01   8.5911387e-01   7.3386326e-01   9.4582492e-01  -1.0922887e+00  -1.4728274e+00   1.9544898e+00   1.0352059e+00
   1.0000000e+00   1.4644464e-01  -3.2567769e-01   1.2791433e-01   2.3660799e-01   1.2680879e-01  -6.4332637e-01   8.6840189e-01  -3.4465776e-01   5.3882997e-01   3.6635431e-01
   1.0000000e+00   1.0548454e-01   9.4185455e-02   6.8474101e-01  -5.3879124e-01  -8.6740081e-01  -1.4691704e-01   1.7952106e-01   1.5093483e+00   3.7644673e-01   1.5435233e-01
   2.0000000e+00   5.7955974e-01  -2.0207660e+00   1.1306302e+00  -4.7650838e-01   1.0741243e+00  -9.9654252e-02   6.8765131e-02   6.6627832e-01  -1.1629184e+00   7.4843187e-01
   1.0000000e+00  -1.7380936e+00   4.3484631e-01  -8.2002775e-01  -2.2827692e-01  -5.8556522e-01   5.2966625e-01   2.8661245e-01  -3.9114805e-01   1.5442701e-01  -8.3860211e-01
   2.0000000e+00   3.1408421e-02  -1.4450286e+00   7.0542152e-01  -7.6750652e-01   8.9864692e-01   1.6586219e+00  -6.5574056e-01   1.1517396e+00   1.0017172e+00   8.9528308e-01
   2.0000000e+00   1.4708944e-01  -1.9297079e+00   1.7640973e-01  -9.1412275e-01   4.1991127e-03  -6.2187145e-01   6.9403151e-01   5.4804464e-01   2.3125209e-01  -3.0800922e-01
   2.0000000e+00   8.9041231e-01  -1.0947931e+00  -8.5979858e-01  -1.0233372e+00   2.5257358e+00  -1.3293663e+00   8.9422035e-01  -9.9473782e-01  -1.6115160e+00   8.9009624e-01
   2.0000000e+00   1.1210207e+00  -8.9937326e-04   1.1372444e+00   6.8339545e-01  -1.1883762e+00  -7.7302248e-02  -1.1748224e-01   1.8554838e-01   1.3005101e+00  -4.1585627e-04
   1.0000000e+00   6.7177779e-01   6.1733116e-01  -9.6795616e-01  -1.8523095e-01   3.4445338e-01  -2.9920506e-01  -6.7474901e-01  -1.5239864e+00   1.5506001e-02   1.3376634e-01
   2.0000000e+00   1.3998261e+00  -2.8507188e-01   5.8804359e-01  -3.2988357e-01   1.7175397e-02   7.2216139e-01  -1.5468699e-01  -1.0345567e+00  -9.4520665e-01  -2.7791471e-01
   2.0000000e+00   7.9492865e-02   1.0381471e+00   2.4187302e-01   5.0648207e-01  -2.1341335e+00  -5.3979108e-01  -5.1335340e-01   1.3210657e+00  -1.2937985e-01   4.4838858e-01
   2.0000000e+00   1.0080577e+00   1.6688183e+00   2.0158108e+00   1.0158324e+00  -2.1784832e+00   3.5277841e-01  -1.4152291e+00  -3.4012057e-01  -2.6473228e-01   3.2309243e-01
   2.0000000e+00  -1.3679523e+00  -1.8927774e+00  -6.3898125e-01  -1.8407475e-01  -1.5108166e-01   8.6449605e-01   2.8661092e-01   9.3010265e-01  -5.4394298e-01   4.4612658e-01
   1.0000000e+00  -2.8166299e-01  -1.7440940e+00   2.2589999e-01   7.6155187e-01   1.0702189e-01   9.0481531e-01   1.2657714e+00   1.5339443e-01   4.5160621e-01  -4.2128647e-01
   2.0000000e+00  -1.0641746e+00  -1.9686790e-01  -1.4292857e+00  -1.1441755e+00  -2.1376689e+00  -6.3135093e-01   1.5114991e+00   1.3634543e+00  -7.6449968e-02   1.0429581e+00
   2.0000000e+00   7.9654819e-01  -5.4521231e-01   1.4396434e+00  -3.7142635e-01  -2.2299572e+00  -5.1442612e-01   3.8062891e-01   1.5275752e+00  -1.4624465e-01   8.7650222e-01
   2.0000000e+00   3.9834404e-03   1.3802431e+00  -7.9503189e-01  -1.9136056e+00   1.4489127e+00  -2.7787879e+00   7.1397059e-01   5.4151119e-02   1.0595393e+00  -2.0874401e+00
   1.0000000e+00  -1.4981522e-02  -4.6418030e-01  -7.9199707e-01   2.8416425e-01  -7.5306374e-01  -8.1040085e-01  -5.4603294e-01  -6.4577750e-01   4.3207474e-01   8.4130425e-02
   1.0000000e+00   1.2243312e-01   2.0897062e+00  -5.5688396e-01   3.6902477e-01   4.4775567e-01  -1.5885676e-01   1.2267037e+00  -1.4076157e+00   2.1338383e-01  -4.6084985e-01
   2.0000000e+00  -9.5891188e-01   1.0042334e+00   1.6342365e+00   1.0041547e+00   1.7413929e+00   1.5364232e+00   1.0834304e+00   6.5877522e-01  -1.8054006e+00   4.9028480e-01
   2.0000000e+00  -8.2259897e-01   7.1024549e-01   1.1520086e+00   4.8101101e-01  -4.9210172e-01  -7.7040480e-01   5.2808624e-01   5.0186893e-01  -6.0499572e-01   6.1645579e-01
   2.0000000e+00  -1.3103707e+00  -1.7818211e-01   8.9661163e-01  -3.1488348e+00  -5.0892415e-01   6.1657441e-02   5.4294881e-01   3.0851899e-01  -1.1665041e+00   1.1237709e+00
   2.0000000e+00   2.2191608e-01  -1.1545715e+00  -7.1749364e-02   5.1491318e-02   6.7701762e-01  -4.2649248e-01   5.7139198e-01   4.4010588e-02  -7.3688515e-01  -6.8406035e-01
   2.0000000e+00   1.2450242e-01  -9.2988326e-01   1.5108742e+00   6.4380645e-01   1.9214670e-01  -6.7835988e-01  -1.0771281e+00   3.9418549e-01   1.9821318e+00  -3.0242873e-01
   2.0000000e+00  -3.6236118e-01  -1.6083538e+00  -4.3468944e-01   4.1006923e-01  -6.9102344e-01  -2.4713887e+00  -2.1248112e-01  -4.3136521e-01  -1.4440870e-01  -7.2793584e-01
   2.0000000e+00  -1.2772618e+00   4.2632565e-01  -7.6199509e-01   4.2746124e-01   1.7431769e+00  -2.8604020e-01   7.9641538e-01   1.6678664e+00  -1.6372091e+00  -6.4092661e-01
   2.0000000e+00  -7.4739756e-01   7.0375659e-01  -7.2236768e-01  -9.1509967e-01  -8.1486697e-01  -6.3168139e-01  -1.4999592e+00  -1.3494940e+00   8.9539787e-01   1.8815541e-02
   2.0000000e+00   1.0482318e+00   9.2374539e-01  -9.7948339e-02  -6.6873032e-01   1.4401715e+00   1.5340320e+00  -8.5768642e-01   2.7544530e-01   1.9620109e+00  -7.9125631e-01
   2.0000000e+00  -1.4833180e+00  -2.2803597e-01  -2.2188812e+00   7.0060116e-01   7.4414596e-01   1.1685432e-01  -2.0890038e-01   4.0355269e-01  -1.6538668e+00   3.2463900e-01
   2.0000000e+00  -3.5594221e-01   8.3731871e-01  -5.8874382e-01   8.0806663e-02  -5.7134452e-01  -9.4584522e-02   2.4898622e-01  -4.7882451e-01   2.0769875e+00  -4.1450920e-02
   2.0000000e+00  -5.6482166e-01  -7.6335876e-02  -2.9925090e+00   1.3556621e+00  -5.0509894e-01   3.5387774e-01   1.4088602e-01  -3.5800080e-01  -5.0232815e-01   1.3583433e-01
   2.0000000e+00  -1.2324878e+00  -6.7016693e-01   4.4607229e-01   1.8640967e+00  -1.4173603e+00   1.7371077e+00   1.8647315e+00  -4.2914452e-01   5.2471265e-01  -7.8098192e-01
   2.0000000e+00  -1.5803646e-01  -4.8706156e-01  -1.7521528e-01  -1.2598843e+00   7.9401009e-01  -7.7861747e-01  -1.5677034e-01   4.2706361e-01   7.4140625e-01   4.1042027e-01
   1.0000000e+00   6.9525585e-01   1.1654931e-01   5.5037472e-01  -1.0715393e-01   4.9383803e-02  -9.9027320e-02  -1.7502051e-01   1.9868221e+00   4.6198797e-01   6.5584364e-01
   2.0000000e+00  -6.9047570e-01  -5.2312147e-01   9.0621340e-01  -1.5458198e+00  -2.6979190e-01   1.8345048e+00   1.6096763e+00  -1.8869722e+00   7.3102387e-01   1.7767903e+00
   2.0000000e+00   4.3326152e-01  -4.4514016e-01   1.4467827e+00   7.3563670e-01   2.3648102e-01   9.4084127e-02   2.7695801e-01  -7.5027766e-01   1.5794314e+00   7.2323789e-01
   2.0000000e+00  -3.0834594e-02  -7.3405939e-01  -3.7456852e-02   7.0332696e-01  -1.5146167e-01   1.3669198e+00  -7.4318451e-01  -1.2943532e+00  -4.2515437e-01   1.9358034e-01
   2.0000000e+00   2.7683953e-01  -1.2242590e+00  -1.8752082e-01  -1.0749206e+00   1.3916107e-01   1.0954545e+00   8.4815027e-01  -1.3395694e+00  -5.9357141e-01   1.1003138e+00
   2.0000000e+00  -1.2865985e+00   1.1188243e+00   4.8626461e-01   8.8060111e-01  -1.8819449e+00   8.3034003e-01  -6.4892049e-01   3.6814931e-01   2.3645361e+00   1.4052755e+00
   1.0000000e+00  -3.1197826e-01   7.7556740e-01   1.6404786e+00  -3.7973942e-01   4.9600324e-01   3.9331320e-01   5.8287220e-01  -7.9414467e-02   3.2330970e-01  -9.4587298e-01
   2.0000000e+00  -3.0058391e-01   4.0249304e-01  -1.3248730e+00   1.5563078e-01   1.7892393e-01   4.1010846e-01  -5.6283076e-01   1.0640622e+00  -3.5529958e-01  -1.1298162e+00
   2.0000000e+00  -4.2254605e-01  -3.3883253e-01  -1.2174827e+00   2.5785490e+00   1.0287296e+00  -6.1642299e-01  -1.9903464e+00  -1.2811435e+00  -6.9113983e-01  -6.5778176e-01
   2.0000000e+00   3.0218490e-01  -2.1091044e+00  -1.2893634e+00  -1.8272974e-01   5.9072210e-02  -1.8574806e-01   9.2994242e-02   5.5096888e-02   1.5944704e+00   2.2517809e-01
   1.0000000e+00  -4.1987013e-02  -1.3460736e+00   5.7026932e-01  -1.3479928e-01  -3.1101987e-01  -7.3015875e-01   1.0418158e-01   1.2853404e+00   5.0021653e-01   6.5775560e-01
   2.0000000e+00  -6.6594733e-01  -1.7596001e+00  -1.5930740e+00   2.3135594e-02  -7.4807922e-01  -2.3079492e-01  -7.1085046e-01   5.6872334e-01  -1.0382019e+00  -3.4400037e-01
   2.0000000e+00   1.4019152e+00   2.3699193e-01  -1.3394810e+00   1.6910705e+00   2.0464131e-01   1.4945941e+00   4.9188864e-01  -1.2250000e+00  -3.7945957e-01  -1.9352684e-01
   2.0000000e+00  -5.0189471e-01  -1.6220864e-01   7.2457354e-01   2.2810304e-01   2.7498757e-01   9.6465117e-01  -2.3272090e-01  -1.2991859e+00  -8.6940665e-02   7.7085699e-01
   2.0000000e+00   1.5142876e+00   1.7009852e-01   3.6453295e-02  -2.8170134e+00   1.6998470e+00   9.4897290e-01  -3.8855808e-01  -1.9671142e+00   8.0396933e-01   1.3391521e+00
   2.0000000e+00  -4.7976289e-01   6.3344106e-01   1.0053569e+00  -5.4869852e-01   1.6155576e+00  -1.5512081e-01   2.3681954e-01  -1.0139310e+00  -1.6720153e-01   8.4264568e-01
   2.0000000e+00   1.1200950e+00   3.9738369e-01   1.8517481e+00  -1.5663235e-01  -5.8548963e-01   2.1835232e-01  -4.6373064e-01  -2.6656864e+00  -8.5809286e-01  -7.7469256e-01
   2.0000000e+00   8.0971786e-01   7.1997413e-01  -9.3904520e-01  -8.7905449e-01  -1.2737799e+00   3.9175006e-01   2.8960580e-01  -1.0537023e+00   1.2558141e+00   9.7852069e-01
   2.0000000e+00   6.5996419e-01   1.2625442e+00  -4.3385152e-01  -1.3717556e+00   1.0697755e+00  -1.0364602e+00  -4.4717184e-01   6.1852809e-01   7.4514138e-01   2.8415307e-01
   1.0000000e+00   4.0576051e-02  -2.1136068e-02   1.1073249e-02  -7.4142146e-01   4.1989510e-01  -3.8906125e-01  -1.2394976e+00   1.0323924e+00   4.3402703e-01  -2.9223699e-01
   2.0000000e+00   1.0393001e+00   1.0755493e+00   1.9121064e+00  -1.2629614e+00   9.8070086e-01   7.2448720e-01  -2.5856634e+00   3.8952224e-01   9.7325461e-01   2.2297084e+00
   2.0000000e+00  -7.1844156e-01   1.7813760e-01  -7.4977763e-01   1.0422511e+00   6.8232733e-01   5.0946688e-01   2.3318606e-01  -5.9195187e-02   1.3882229e+00  -5.8815684e-01
   2.0000000e+00  -6.7416855e-01  -8.0388933e-01  -1.1329545e+00   9.7909856e-01   1.4170154e+00   1.0093108e+00   7.5484850e-02   2.8197303e-01  -6.1111527e-02   2.3495806e-01
   2.0000000e+00  -2.0328762e+00   1.6024570e+00  -2.1660593e+00   9.1699275e-01  -1.6343408e-01   2.1052084e-01   1.3563026e+00  -1.5974958e+00  -1.4137700e-01   9.0679017e-02
   2.0000000e+00  -3.4023252e-01   1.2861224e+00   2.4581011e-01   1.1147342e+00  -6.3810379e-01  -6.8439815e-01   1.0247797e+00   1.4903294e+00   4.3822225e-01   5.6916838e-01
   2.0000000e+00  -4.6718940e-01   7.2525348e-01  -9.1654912e-01   6.2990789e-01  -1.0574566e-01   4.3904411e-01  -1.6463032e-01   1.4284086e-01   1.2208844e+00  -1.4998946e+00
   2.0000000e+00   6.0657948e-01   1.3542870e-01  -1.9390274e+00  -2.4283515e-01   4.4927857e-01  -8.9981111e-01   5.0143724e-01   9.7147541e-01  -4.8013258e-01   4.2626398e-01
   2.0000000e+00  -9.4916804e-01  -2.5119419e+00   2.2844263e+00  -1.5872698e+00   1.5310225e+00  -1.4771017e+00   1.1663502e+00   6.2114035e-01   5.3593844e-01  -3.5247715e-02
   2.0000000e+00   7.5834061e-01   4.0927808e-01   7.5966388e-02   8.3919348e-01   5.1445058e-01  -4.7083460e-01   4.0763466e-01   7.3914266e-02   3.6943056e-01   1.2762625e+00
   2.0000000e+00   1.8898616e+00   8.7632547e-01  -4.1078942e-01   9.3742450e-01  -1.3226287e-01  -1.1200424e+00   2.1642891e+00  -8.6795038e-01  -5.3113874e-01   3.3583651e-01
   2.0000000e+00  -4.6020000e-01  -1.7747065e-01   1.2480255e-01   8.7535809e-01   2.4294831e-01   8.0670990e-01  -6.5106173e-02  -5.1618843e-01  -1.1991187e+00   2.7931894e-01
   2.0000000e+00  -5.6440684e-01   1.3690686e+00   9.2539977e-01  -6.8272967e-01  -1.0200711e+00  -7.8477612e-01   8.4932594e-01  -3.7879706e-01   1.1130305e+00   2.0339188e-01
   2.0000000e+00  -4.1256778e-01   3.0244113e-01  -5.5333385e-01  -1.9832639e-01   1.8486797e+00  -7.1561585e-01  -6.6458187e-01  -1.0811100e+00  -5.8369178e-01  -4.7893904e-01
   2.0000000e+00   7.1956388e-01   7.0211177e-01   1.6682760e+00  -6.2999600e-01  -2.7334698e-01  -4.7316469e-01  -1.1922440e-01  -9.3126971e-02   7.1073127e-01   1.2227945e+00
   2.0000000e+00   9.7057345e-01   7.6147258e-01  -2.4496732e+00   1.1427605e+00   1.5303553e+00  -1.0150445e+00   1.0582668e+00   5.3230343e-01  -1.4393016e+00   1.4379928e+00
   2.0000000e+00   1.0576215e+00  -4.0360724e-01  -4.9152661e-01  -3.0281871e-01   5.8905996e-02   7.8364269e-01   3.1183012e-02  -6.8708172e-01   1.0451647e+00   6.8300523e-01
   2.0000000e+00  -2.4528854e-01   1.4570392e+00   1.1794776e+00  -1.3349410e+00   2.5558754e-01  -8.2922337e-01   9.9133557e-01   3.6204782e-01  -7.1392687e-01  -5.2766387e-01
   1.0000000e+00   8.1023379e-01  -8.7668310e-01  -7.3828728e-01   2.6999325e-01  -1.4433325e+00   3.6214381e-01  -1.4827904e+00  -6.5080436e-01   6.0327501e-01   1.6230177e+00
